Intrinsic params:

fx = 560.764656335266
fy = 562.763179958161
cx = 295.849138757436
cy = 255.022208986073

k = 0.0781681084151702 / -0.189032572876267 / 0
p = 0.000775368437317803 / / -0.00486478164179404